epoch: 19
case: 0
xb: ['0.1290', '1.0000', '0.1667', '1.0000', '0.0484', '0.0000', '0.1613', '0.0039', '1.0000', '1.0000', '1.0000', '0.0000', '0.2510', '0.1333', '0.7143', '0.0312', '0.9677', '0.7419']
y_pred: 0.9634777903556824
y_true: 1.0

epoch: 19
case: 1
xb: ['0.2000', '0.8000', '0.2222', '0.5000', '0.0167', '0.0000', '0.0250', '0.0002', '1.0000', '1.0000', '1.0000', '0.0000', '0.1839', '0.0769', '0.3056', '0.0088', '0.4000', '0.3000']
y_pred: 0.9754565358161926
y_true: 0.0

